function [ t  ] = calculate(x1,x2,x3,x4,x5 )
%UNTITLED8 此处显示有关此函数的摘要
%   此处显示详细说明
b=[68.5318
    0.0812
    0.0859
    0.1713
   -0.8462
   -0.0905];
t=b(0)+b(1)*x1+b(2)*x2+b(3)*x3+b(4)*x4+b5*x5;
end

